12882
4494
-3413
-7692
-7842
-12957
-6071
17603
-9886
-17571
-19227
-11493
-7662
-7356
6431
16517
-14919
18691
-2761
4910
17585
14774
7730
-1723
-5474
-1976
6221
16064
-11671
2451
7206
-247
-17796
-6977
8164
-15372
14677
-12657
18881
-19880
2969
-2772
-17227
-7171
-8776
-12129
-3986
7458
413
1191
-5458
-977
14271
17462
-15307
-6611
-8069
9386
18729
-16769
-15998
554
3362
9017
16014
-18486
1707
7425
-8030
-12816
-9350
-2080
-18764
15458
9255
8584
-1265
-14414
13654
-9340
10072
-12231
-14870
-16282
-12137
-16643
5867
-16234
-7377
-18159
-12889
15505
7096
-14864
7060
-8643
-6886
-7560
6899
1074
7695
4375
-7059
-12617
16623
15319
12142
-7773
8534
5703
15782
15199
14072
17538
9895
-17689
16232
9043
-2603
-16671
-17378
-9529
-4595
-17650
4020
14323
4919
11557
943
4607
-9782
4006
-3634
11193
-5414
6211
18254
-11242
9734
3509
-15837
19961
-16088
19581
18553
2578
15580
-15205
-13452
894
12173
-17350
-2634
-5039
-16036
1479
13312
-12360
-4291
9021
-1675
-16156
-16403
18998
19685
5516
-11438
18537
-19330
-11240
1998
11374
6366
14044
-16457
-12553
-16311
13727
-4027
18945
-5989
-104
5187
-5514
8322
4358
7663
59
-17823
-14511
2924
-13567
13750
19870
-19102
17032
-10789
19148
-4438
-16458
17031
-8612
-16504
-3080
16826
13090
-17465
2392
18315
8107
-10043
560
5564
15202
-5951
-5836
-6839
-4718
-7737
7031
6875
15716
-9374
9348
-4851
-13308
-5117
-17734
724
-18856
-6619
-5455
-5367
10488
-6461
-699
8180
1242
-14328
128
6121
-5962
8498
-1343
6560
14295
-7624
-12245
-16578
-1619
-17412
-4651
36
929
14152
-15081
-2502
6410
5722
8821
15004
11325
16657
13555
2282
2887
908
6630
-9812
2739
-15425
-13932
-7073
-5722
-13495
2013
-3680
-8617
15067
11956
-9351
4594
-2014
6279
-17463
16798
-9879
-11326
-19207
-13421
-12329
2195
-4343
15142
-3516
-18440
-10414
-7245
-10032
4298
16816
4570
-5339
-9978
15246
8384
12583
1150
-4051
-5693
-1095
14416
16540
1220
-9760
9964
5908
-17938
18206
15378
744
7580
-17599
-16080
-19702
-3246
-2886
14220
5488
-2143
7941
13503
-16629
18225
-10509
-10151
15273
18659
17158
6207
9548
-13757
-12532
-5677
-9419
-4085
-7119
17038
-6549
-14338
-3419
3924
-4755
12562
15077
-14201
19334
-2593
-18012
7888
-7246
2827
12205
2992
597
-2071
-13958
8487
17836
-12600
-700
6451
-14652
2760
-4575
5370
-16445
5752
-2975
-14761
2719
-2429
-10491
-8145
-10565
11841
6385
19700
-19087
-17987
-7148
18264
9698
-4284
-15717
-4872
-11854
7352
-11481
-2372
-5581
-14734
14408
1034
-18676
9835
10013
-17307
9930
-16294
2424
4161
2118
-202
-15265
3323
1933
-4761
-8382
-7700
5980
19016
4051
10427
8094
-15561
9643
-14685
-13148
-5505
10603
5495
-8728
3517
-14639
6270
10728
-6965
961
13087
12731
-19421
-9673
15067
2999
8919
1233
1649
-5643
-10432
-12004
2526
-6049
13700
-1868
-16326
-18164
7639
12405
14640
3314
-15232
-17168
-13160
-18118
-13598
3853
-17316
-15391
5740
-2200
17498
6084
7143
-8048
-7164
-11228
-16368
-8222
-6202
-12284
15139
-10673
4683
3327
16677
18133
8497
-5606
5386
9713
-5370
-19029
15626
-1548
-5657
18340
-10537
-10911
7521
13765
18734
4223
-10666
-19960
-17881
-13872
-10114
-12909
18755
-18963
13921
-10747
7747
11988
8760
-18871
6249
-11877
-10100
13171
13565
-16266
-7021
11037
12237
-18132
757
8428
-9699
16127
-1851
6684
19386
-10072
-19137
-17172
-19120
3017
-3177
-12743
-6500
-3776
3455
-7044
5488
10024
18113
-3511
-1487
18993
12647
8511
-19865
-5598
-4787
-4054
-10064
-1085
-7499
-19222
4633
10104
14007
-7923
16309
14851
16543
9905
-4564
6494
-4242
-13557
-15077
-11124
-2963
-3384
-16938
11017
16321
-14667
-15382
14852
1074
3164
-2782
-17144
12098
14201
-18159
1243
-16054
18583
-13782
-11110
12169
10404
-16369
-6089
-11870
-14325
-15961
505
-12494
7898
-13935
-17517
13122
-16705
11532
10670
-7241
19898
-14208
-8721
10190
-5735
9354
-19682
-2454
17030
16311
3837
7172
-7605
19896
5598
844
-19509
-10768
-1397
15633
9852
-11295
-4414
17402
-11415
16310
2269
6194
6364
-10900
12601
-16706
8538
14583
1093
-6797
17065
18515
-8377
19832
-15456
16197
-248
6037
-9994
17370
-2857
-19943
-13542
-840
-17042
4351
3804
15061
12442
-13591
3084
-11660
-10678
6230
-16183
3742
-14778
-4250
9476
-11399
18543
-11532
10191
856
-14320
14552
-12723
-8387
-14183
17634
6863
883
-17541
-9732
14772
5790
-6484
-18357
-9140
-19737
-1184
12602
6481
6180
15729
-7244
-8330
11917
-4441
8668
6759
-12868
-16839
-8379
9788
15960
3391
-14751
-3933
-6084
15819
13492
12222
-15667
3974
18349
14716
-16712
-4440
16179
12914
17945
-11761
19193
19644
2393
-426
11611
-8214
-16190
7133
-12253
9717
-14760
5103
-15251
14139
11398
-15347
-19251
7016
13348
-5601
11011
14664
-12478
-6623
-11045
-13587
-13282
-2539
8055
-65
-12102
-1204
-11501
-16043
5994
-8556
1062
5470
-14203
-19866
14715
-10695
-8884
13105
-11043
-9642
-19703
-9799
236
14242
18584
10269
18544
-13659
16216
-11299
-10539
15883
2405
10335
3500
-14452
-17774
-4084
-14316
-1391
-5821
10364
2377
-1219
15569
-10898
-5628
11315
13067
-7089
17093
-16819
-9621
60
-16857
-8010
-18294
7968
7177
8366
15378
-12137
2985
1454
18410
1741
12915
6488
-2255
-8473
-2467
15041
-13800
3173
4087
-2095
-10471
17434
-4163
9436
-133
12901
13302
-11212
9898
-11951
8224
-1377
6383
4792
-8604
15116
132
-10837
-776
6839
-15925
-16368
10006
12133
-17382
-11794
-11924
8646
9722
-13376
4141
-4261
-13851
-17664
-9342
12192
-17125
13338
-16601
-5994
-16539
13136
3484
16567
-9468
-8802
-493
-10532
-16722
-2498
-2919
12274
-12747
14169
-11924
14475
-5652
-458
-19037
6134
6774
-8573
-6275
-4962
-11718
-8629
-1405
-18610
2618
-17135
-8731
-8358
-16933
7601
10148
-15441
15268
-13809
-17810
-12185
-13670
4315
-10339
-145
-12856
-16600
6544
3480
3151
2001
3135
4157
-16062
-3220
-10027
-14455
826
-10220
-3931
10789
19264
-12555
16091
8862
-12503
13003
9531
-10570
-6156
-7489
12044
13672
-9427
-19606
16415
-14166
-14573
8194
17441
12249
-77
16357
6480
7624
-11455
11868
681
-19488
-3512
16367
-9291
1624
6286
-9347
-13189
-2169
-2651
-10113
-6369
-2351
-10698
5361
-8234
14566
14066
13437
18583
-13174
-3858
-4820
-18200
1477
-7238
13391
-15225
1370
9843
15354
-15994
11734
19786
8673
-12256
3348
18446
-17026
-3996